0	0	-139.25	-610.77	(0.00000, 0.03747, 0.00000, 0.99930)
0	31	-139.25	-610.77	(0.00000, 0.03747, 0.00000, 0.99930)
0	60	-139.25	-610.77	(0.00000, 0.03747, 0.00000, 0.99930)
0	90	-139.25	-610.77	(0.00000, 0.03747, 0.00000, 0.99930)
0	120	-139.25	-610.77	(0.00000, 0.03747, 0.00000, 0.99930)
0	150	-139.25	-610.77	(0.00000, 0.03747, 0.00000, 0.99930)
0	180	-139.25	-610.77	(0.00000, 0.03747, 0.00000, 0.99930)
0	211	-138.65	-605.35	(-0.00695, 0.08972, 0.00063, 0.99594)
0	241	-131.11	-576.93	(-0.00864, 0.13826, 0.00121, 0.99036)
0	270	-124.27	-548.59	(-0.00868, 0.10362, 0.00090, 0.99458)
0	300	-98.62	-523.52	(-0.00868, 0.10362, 0.00090, 0.99458)
0	330	-61.96	-502.33	(0.00519, 0.13827, -0.00072, 0.99038)
0	361	-50.89	-472.90	(0.00519, 0.13827, -0.00072, 0.99038)
0	390	-43.01	-445.24	(0.00519, 0.13827, -0.00072, 0.99038)
0	421	-34.45	-415.15	(0.00519, 0.13827, -0.00072, 0.99038)
0	451	-26.36	-386.76	(0.00519, 0.13827, -0.00072, 0.99038)
0	481	-17.97	-357.28	(0.00519, 0.13827, -0.00072, 0.99038)
0	510	-9.92	-329.04	(0.00519, 0.13827, -0.00072, 0.99038)
0	541	-1.44	-299.25	(0.00519, 0.13827, -0.00072, 0.99038)
0	570	23.42	-276.56	(0.00519, 0.13827, -0.00072, 0.99038)
0	600	61.21	-255.52	(0.00519, 0.13827, -0.00072, 0.99038)
0	631	71.59	-226.97	(0.00519, 0.13827, -0.00072, 0.99038)
0	660	79.71	-198.45	(0.00519, 0.13827, -0.00072, 0.99038)
0	690	87.78	-170.12	(0.00519, 0.13827, -0.00072, 0.99038)
0	721	96.24	-140.40	(0.00519, 0.13827, -0.00072, 0.99038)
0	751	104.52	-111.32	(0.00519, 0.13827, -0.00072, 0.99038)
0	781	112.69	-82.62	(0.00519, 0.13827, -0.00072, 0.99038)
0	811	140.02	-58.99	(0.00519, 0.13827, -0.00072, 0.99038)
0	841	177.05	-38.37	(0.00519, 0.13827, -0.00072, 0.99038)
0	870	206.18	-16.46	(0.00346, 0.13827, -0.00048, 0.99039)
0	900	214.46	12.64	(0.00346, 0.13827, -0.00048, 0.99039)
0	931	250.62	35.93	(0.00174, 0.03573, -0.00006, 0.99936)
0	960	269.27	64.89	(0.00000, -0.01662, 0.00000, 0.99986)
0	990	266.44	94.18	(0.00000, -0.10197, 0.00000, 0.99479)
0	1020	275.56	127.71	(0.00521, -0.09849, 0.00052, 0.99512)
0	1050	270.13	156.89	(0.00695, -0.09154, 0.00064, 0.99578)
0	1080	264.67	186.30	(0.00695, -0.09154, 0.00064, 0.99578)
0	1111	259.09	216.42	(0.00695, -0.09154, 0.00064, 0.99578)
0	1141	253.58	246.10	(0.00695, -0.09154, 0.00064, 0.99578)
0	1170	248.24	274.94	(-0.00695, -0.10023, -0.00070, 0.99494)
0	1200	241.09	304.19	(-0.03437, -0.17272, -0.00603, 0.98435)
0	1231	228.63	332.39	(-0.02559, -0.21044, -0.00551, 0.97726)
0	1260	216.69	359.06	(-0.02560, -0.20873, -0.00547, 0.97762)
0	1290	204.62	386.04	(-0.02560, -0.20873, -0.00547, 0.97762)
0	1321	191.90	414.46	(-0.02560, -0.20873, -0.00547, 0.97762)
0	1351	179.57	442.02	(-0.02560, -0.20873, -0.00547, 0.97762)
0	1381	167.40	469.22	(-0.02560, -0.20873, -0.00547, 0.97762)
0	1410	155.37	496.10	(-0.02560, -0.20873, -0.00547, 0.97762)
0	1440	142.94	523.89	(-0.02560, -0.20873, -0.00547, 0.97762)
0	1470	130.81	550.99	(-0.02560, -0.20873, -0.00547, 0.97762)
0	1500	118.75	577.97	(-0.02560, -0.20873, -0.00547, 0.97762)
0	1531	106.03	606.38	(-0.02560, -0.20873, -0.00547, 0.97762)
0	1560	94.17	632.90	(-0.02560, -0.20873, -0.00547, 0.97762)
0	1591	81.61	660.95	(-0.02560, -0.20873, -0.00547, 0.97762)
0	1620	69.46	688.12	(-0.02560, -0.20873, -0.00547, 0.97762)
0	1650	57.09	715.43	(-0.03751, -0.21206, -0.00815, 0.97650)
0	1680	36.11	740.87	(-0.03636, -0.12442, -0.00456, 0.99155)
0	1710	0.38	762.56	(-0.03638, -0.11923, -0.00437, 0.99219)
0	1740	-36.07	784.72	(-0.03638, -0.11923, -0.00437, 0.99219)
0	1770	-71.59	806.58	(-0.04009, -0.04450, -0.00179, 0.99820)
0	1800	-73.88	841.35	(-0.08655, 0.69874, 0.08579, 0.70492)
0	1830	-69.32	870.52	(0.00525, 0.79911, -0.00697, 0.60113)
0	1860	-68.63	872.89	(0.00525, 0.79911, -0.00697, 0.60113)
0	1891	-63.95	871.84	(-0.00250, 0.69776, 0.00244, 0.71633)
0	1920	-53.18	889.83	(0.04536, -0.01137, 0.00052, 0.99891)
0	1950	-53.18	889.83	(0.04536, -0.01137, 0.00052, 0.99891)
0	1980	-53.18	889.83	(0.04536, -0.01137, 0.00052, 0.99891)
0	2010	-53.18	889.83	(0.04536, -0.01137, 0.00052, 0.99891)
0	2040	-53.20	890.87	(0.04536, -0.01137, 0.00052, 0.99891)
0	2070	-72.89	920.45	(0.04536, -0.01137, 0.00052, 0.99891)
0	2100	-101.70	950.06	(0.04536, -0.01137, 0.00052, 0.99891)
0	2130	-102.38	980.02	(0.04536, -0.01137, 0.00052, 0.99891)
0	2160	-102.93	1,004.16	(0.04536, -0.01137, 0.00052, 0.99891)
0	2190	-102.93	1,004.16	(0.04536, -0.01137, 0.00052, 0.99891)
0	2220	-102.93	1,004.16	(0.04536, -0.01137, 0.00052, 0.99891)
0	2250	-102.93	1,004.16	(0.04536, -0.01137, 0.00052, 0.99891)
0	2280	-102.93	1,004.16	(0.04536, -0.01137, 0.00052, 0.99891)
0	2310	-102.93	1,004.16	(0.04536, -0.01137, 0.00052, 0.99891)
0	2340	-102.93	1,004.16	(0.04536, -0.01137, 0.00052, 0.99891)
0	2370	-102.93	1,004.16	(-0.06626, 0.01998, 0.00133, 0.99760)
0	2400	-102.93	1,004.16	(-0.12702, 0.02679, 0.00343, 0.99153)
0	2430	-102.93	1,004.16	(-0.12702, 0.02679, 0.00343, 0.99153)
0	2460	-102.93	1,004.16	(-0.12702, 0.02679, 0.00343, 0.99153)
0	2490	-102.93	1,004.16	(-0.12702, 0.02679, 0.00343, 0.99153)
0	2520	-102.93	1,004.16	(-0.64188, -0.04079, -0.03423, 0.76496)
0	2550	-102.93	1,004.16	(-0.52361, -0.44433, -0.37283, 0.62402)
0	2580	-102.93	1,004.16	(-0.49496, -0.48191, -0.39304, 0.60688)
